                          PanelOLS Estimation Summary                           
================================================================================
Dep. Variable:                    roa   R-squared:                        0.2783
Estimator:                   PanelOLS   R-squared (Between):              0.3141
No. Observations:               10129   R-squared (Within):               0.0151
Date:                Thu, Apr 23 2026   R-squared (Overall):              0.2783
Time:                        21:22:37   Log-likelihood                -1.794e+04
Cov. Estimator:             Clustered                                           
                                        F-statistic:                      66.962
Entities:                        2628   P-value                           0.0000
Avg Obs:                       3.8543   Distribution:                F(58,10071)
Min Obs:                       1.0000                                           
Max Obs:                       5.0000   F-statistic (robust):          -2.87e+16
                                        P-value                           1.0000
Time periods:                       5   Distribution:                F(58,10071)
Avg Obs:                       2025.8                                           
Min Obs:                       1928.0                                           
Max Obs:                       2095.0                                           
                                                                                
                                 Parameter Estimates                                 
=====================================================================================
                   Parameter  Std. Err.     T-stat    P-value    Lower CI    Upper CI
-------------------------------------------------------------------------------------
rd_intensity_lag1    -0.9981     0.2559    -3.8996     0.0001     -1.4998     -0.4964
firm_size             0.1364     0.0130     10.526     0.0000      0.1110      0.1618
leverage             -0.4369     0.0897    -4.8707     0.0000     -0.6128     -0.2611
industry_13          -0.8456     0.1151    -7.3496     0.0000     -1.0712     -0.6201
industry_14           4.1128     4.1431     0.9927     0.3209     -4.0085      12.234
industry_15          -0.8058     0.1673    -4.8160     0.0000     -1.1337     -0.4778
industry_16          -0.7912     0.0773    -10.237     0.0000     -0.9426     -0.6397
industry_20          -0.8251     0.1076    -7.6704     0.0000     -1.0359     -0.6142
industry_21          -1.1991     0.3404    -3.5231     0.0004     -1.8663     -0.5319
industry_22          -0.6439     0.1024    -6.2858     0.0000     -0.8447     -0.4431
industry_23          -0.9282     0.1813    -5.1192     0.0000     -1.2837     -0.5728
industry_24          -0.8576     0.1328    -6.4595     0.0000     -1.1178     -0.5974
industry_25          -0.8359     0.1080    -7.7393     0.0000     -1.0476     -0.6242
industry_26          -0.8472     0.1038    -8.1607     0.0000     -1.0507     -0.6437
industry_27          -0.8460     0.0911    -9.2914     0.0000     -1.0245     -0.6675
industry_28          -0.7210     0.1084    -6.6541     0.0000     -0.9334     -0.5086
industry_29          -1.0585     0.1541    -6.8702     0.0000     -1.3605     -0.7565
industry_30          -0.6587     0.1034    -6.3712     0.0000     -0.8614     -0.4561
industry_31          -0.8457     0.1080    -7.8300     0.0000     -1.0574     -0.6339
industry_32          -0.6964     0.1407    -4.9492     0.0000     -0.9722     -0.4206
industry_33          -0.7977     0.1046    -7.6297     0.0000     -1.0027     -0.5928
industry_34          -0.7210     0.0905    -7.9631     0.0000     -0.8985     -0.5435
industry_35          -0.7365     0.0879    -8.3757     0.0000     -0.9089     -0.5641
industry_36          -0.6943     0.1056    -6.5760     0.0000     -0.9013     -0.4874
industry_37          -0.8417     0.0973    -8.6514     0.0000     -1.0325     -0.6510
industry_38          -0.8032     0.1083    -7.4139     0.0000     -1.0155     -0.5908
industry_39          -0.8789     0.1452    -6.0523     0.0000     -1.1636     -0.5943
industry_41          -1.1662     0.1467    -7.9488     0.0000     -1.4538     -0.8786
industry_42          -1.6944     0.7692    -2.2027     0.0276     -3.2023     -0.1865
industry_44          -3.3096     0.2447    -13.525     0.0000     -3.7892     -2.8299
industry_45          -0.7718     0.2239    -3.4476     0.0006     -1.2106     -0.3330
industry_47          -0.7805     0.1131    -6.9013     0.0000     -1.0022     -0.5588
industry_48          -0.8650     0.1831    -4.7230     0.0000     -1.2240     -0.5060
industry_50          -0.7660     0.0932    -8.2227     0.0000     -0.9487     -0.5834
industry_51          -0.9713     0.2433    -3.9919     0.0001     -1.4482     -0.4943
industry_52          -0.8581     0.1129    -7.6022     0.0000     -1.0793     -0.6368
industry_53          -0.9769     0.1183    -8.2566     0.0000     -1.2088     -0.7450
industry_54          -0.8096     0.1130    -7.1679     0.0000     -1.0310     -0.5882
industry_55          -0.7682     0.1036    -7.4150     0.0000     -0.9713     -0.5651
industry_56          -0.7439     0.0962    -7.7295     0.0000     -0.9326     -0.5553
industry_57          -0.7720     0.1053    -7.3293     0.0000     -0.9785     -0.5655
industry_58          -0.6031     0.0944    -6.3916     0.0000     -0.7881     -0.4181
industry_59          -0.7341     0.0888    -8.2653     0.0000     -0.9082     -0.5600
industry_70          -0.8076     0.1274    -6.3379     0.0000     -1.0574     -0.5579
industry_72          -0.9144     0.1032    -8.8573     0.0000     -1.1168     -0.7121
industry_73          -0.8337     0.1150    -7.2513     0.0000     -1.0591     -0.6083
industry_75          -1.4412     0.6741    -2.1379     0.0325     -2.7626     -0.1198
industry_78          -1.0502     0.4643    -2.2621     0.0237     -1.9603     -0.1402
industry_79          -0.7653     0.1058    -7.2326     0.0000     -0.9727     -0.5579
industry_80          -0.8964     0.1294    -6.9284     0.0000     -1.1500     -0.6428
industry_82          -0.7350     0.1035    -7.0985     0.0000     -0.9380     -0.5321
industry_87          -0.9955     0.2683    -3.7110     0.0002     -1.5214     -0.4697
industry_99          -1.1541     0.1490    -7.7444     0.0000     -1.4462     -0.8620
industry_na          -0.7316     0.1331    -5.4970     0.0000     -0.9925     -0.4707
fyear_2020            0.0192     0.0445     0.4307     0.6667     -0.0681      0.1065
fyear_2021           -0.0131     0.0343    -0.3811     0.7032     -0.0802      0.0541
fyear_2022           -0.1014     0.0312    -3.2494     0.0012     -0.1625     -0.0402
fyear_2023           -0.1837     0.0522    -3.5202     0.0004     -0.2861     -0.0814
=====================================================================================

